function [T,W]=GLinit32
% - - - - - - - - - - - - - - - - - - - - - - - - - - - - - - - - - - - -
% Returns pre-computed 32-point Gauss-Legendre nodes.
%
% Output: 
%       T, G-L nodes (32)
%       W, G-L weights (32)
%
% Updated: -
% - - - - - - - - - - - - - - - - - - - - - - - - - - - - - - - - - - - -

T = zeros(32,1);
T(1) = -.9972638618494815635449811286650407271385376637294611593011185459;
T(2) = -.9856115115452683354001750446309019786323957143358063182107821704;
T(3) = -.9647622555875064307738119281182749603888952204430187193220113216;
T(4) = -.9349060759377396891709191348354093255286714322828372184584037397;
T(5) = -.8963211557660521239653072437192122684789964967957595765636154126;
T(6) = -.8493676137325699701336930049677425389548867930497592331002195982;
T(7) = -.7944837959679424069630972989704289020954794016388354532507582446;
T(8) = -.7321821187402896803874266650912671466302704835066291008211395730;
T(9) = -.6630442669302152009751151686632383689770222859605053010170834964;
T(10) = -.5877157572407623290407454764018268584509401154544205727031788474;
T(11) = -.5068999089322293900237474743778212301802836995994354639743662809;
T(12) = -.4213512761306353453641194361724264783358772886324433305416613394;
T(13) = -.3318686022821276497799168057301879961957751368050598360182296305;
T(14) = -.2392873622521370745446032091655015206088554219602530155470960989;
T(15) = -.1444719615827964934851863735988106522038459913156355521379528947;
T(16) = -.4830766568773831623481257044050216369084725173084889716779373491e-1;
T(17) = .4830766568773831623481257044050216369084725173084889716779373641e-1;
T(18) = .1444719615827964934851863735988106522038459913156355521379528899;
T(19) = .2392873622521370745446032091655015206088554219602530155470960963;
T(20) = .3318686022821276497799168057301879961957751368050598360182296317;
T(21) = .4213512761306353453641194361724264783358772886324433305416613409;
T(22) = .5068999089322293900237474743778212301802836995994354639743662821;
T(23) = .5877157572407623290407454764018268584509401154544205727031788495;
T(24) = .6630442669302152009751151686632383689770222859605053010170834958;
T(25) = .7321821187402896803874266650912671466302704835066291008211395731;
T(26) = .7944837959679424069630972989704289020954794016388354532507582434;
T(27) = .8493676137325699701336930049677425389548867930497592331002195986;
T(28) = .8963211557660521239653072437192122684789964967957595765636154131;
T(29) = .9349060759377396891709191348354093255286714322828372184584037367;
T(30) = .9647622555875064307738119281182749603888952204430187193220113190;
T(31) = .9856115115452683354001750446309019786323957143358063182107821694;
T(32) = .9972638618494815635449811286650407271385376637294611593011185437;

%%% 32-point Gauss-Legendre weights.
W = zeros(32,1);
W(1) = .7018610009470096600407063738853182513377220728939603232008235068e-2;
W(2) = .1627439473090567060517056220638661817954296379520956642959317574e-1;
W(3) = .2539206530926205945575258978922402928755404754694872093625128242e-1;
W(4) = .3427386291302143310268773225237270699484020291162743378140574522e-1;
W(5) = .4283589802222668065687864660612552849281085759894073956202194144e-1;
W(6) = .5099805926237617619616324468952169526018477673976284370690712316e-1;
W(7) = .5868409347853554714528363730017088675012046745754675871500327810e-1;
W(8) = .6582222277636184683765006370693877287753644737324651537109166952e-1;
W(9) = .7234579410884850622539935647848779160433698330182487073976328292e-1;
W(10) = .7819389578707030647174091882830667103978679848215919030748155366e-1;
W(11) = .8331192422694675522219907460434861153874688394283445984018640496e-1;
W(12) = .8765209300440381114277146275180228754844972170175722231922280314e-1;
W(13) = .9117387869576388471286857711163706254486141327539000532312787408e-1;
W(14) = .9384439908080456563918023766811726003610007574623645005062756942e-1;
W(15) = .9563872007927485941908200220413110059489050816200555095298985040e-1;
W(16) = .9654008851472780056676483006357579473686063123557006873231820838e-1;
W(17) = .9654008851472780056676483006357579473686063123557006873231820636e-1;
W(18) = .9563872007927485941908200220413110059489050816200555095298985486e-1;
W(19) = .9384439908080456563918023766811726003610007574623645005062757782e-1;
W(20) = .9117387869576388471286857711163706254486141327539000532312787536e-1;
W(21) = .8765209300440381114277146275180228754844972170175722231922280214e-1;
W(22) = .8331192422694675522219907460434861153874688394283445984018640152e-1;
W(23) = .7819389578707030647174091882830667103978679848215919030748154822e-1;
W(24) = .7234579410884850622539935647848779160433698330182487073976327554e-1;
W(25) = .6582222277636184683765006370693877287753644737324651537109166988e-1;
W(26) = .5868409347853554714528363730017088675012046745754675871500328460e-1;
W(27) = .5099805926237617619616324468952169526018477673976284370690712100e-1;
W(28) = .4283589802222668065687864660612552849281085759894073956202193998e-1;
W(29) = .3427386291302143310268773225237270699484020291162743378140575198e-1;
W(30) = .2539206530926205945575258978922402928755404754694872093625129008e-1;
W(31) = .1627439473090567060517056220638661817954296379520956642959317070e-1;
W(32) = .7018610009470096600407063738853182513377220728939603232008233766e-2;
 